197
340
-31
-202
507
442
-235
-442
278
-392
383
103
85
325
-81
-311
-161
-195
-226
-511
308
-496
-428
-251
-47
468
-40
-222
332
-242
-377
17
-414
104
327
-419
34
-420
-348
-200
-299
-477
416
298
361
-177
499
-312
140
-239
-310
-64
-222
-226
197
243
-270
-355
-490
-450
-84
-355
79
14
261
-106
108
-217
-13
272
95
200
307
-1
-14
156
334
-26
357
-38
247
-465
411
-487
-179
96
269
63
254
291
126
-342
448
-307
184
197
100
-220
492
-425
-460
75
287
360
-437
-239
4
409
247
-151
-140
-17
-104
-241
8
229
367
-235
-219
109
-456
419
279
504
-400
-48
189
212
244
169
299
297
-267
74
145
-192
348
-363
-295
83
-1
77
-446
407
348
75
125
204
352
418
-199
409
325
-431
401
437
33
79
138
-235
-264
-75
-450
-19
-512
207
301
348
357
-505
-81
-156
84
-14
-261
-79
-451
376
-387
413
282
-74
310
95
7
200
21
-472
-233
-353
-194
15
84
-132
509
84
-436
298
-80
433
305
352
-235
-122
-174
16
311
-113
