-27189
-433
20347
16419
2769
-31466
11834
414
-26113
-31298
2893
22121
-8238
9475
-15075
13768
-15436
15675
27447
-21456
15460
-19743
21943
30322
1897
2740
30551
6567
-18982
-30750
29327
-13402
1585
16906
-29751
-28414
18208
14851
4768
24864
16322
-25107
14217
-24684
17136
31911
21852
-31067
14818
16532
-19755
-2490
29557
-30580
-4936
-1313
4929
-7152
-27514
18715
-5134
-30955
-27455
29219
18720
-24437
-31963
4160
23182
5573
-3744
6736
13234
-22294
14821
-2397
-23151
3905
-696
24435
-12331
12317
-10823
-15541
14506
17009
15914
-13333
-22911
21168
-27386
4723
22981
-22072
1174
8933
-13741
1979
-19674
-23327
-25216
9350
16178
20787
19824
-1769
-14378
29441
-30632
17694
21108
-10194
-2757
-22483
7033
-21019
27295
-9821
-1584
-28384
-21421
3799
9108
-31208
14495
-22486
10494
-32014
12262
23588
-22573
19814
170
26373
7833
-12773
-8164
26223
-16100
-6027
11149
-27759
16547
-24375
-17474
-9188
-12626
-22947
13759
18559
-18562
25106
-10410
23314
26666
-28683
-31940
4392
-27929
13090
-4788
-17734
137
28151
-24128
-24798
-17390
476
-31342
-722
27217
12575
4287
10996
20968
19582
-30960
-24425
29403
15567
26902
-21927
7905
-16276
-31381
1804
-12191
-30552
-26572
-7352
15306
1409
7682
-17325
-3208
16322
-9354
12170
-15969
-7928
-21320
-21520
-28121
15736
22245
25616
2550
24053
-31577
-815
6853
28093
10027
-18010
-20951
11414
16562
-374
13630
22759
25042
